0 10.000000
0 31.600000
1 83.474560
2 116.581452
3 70.187298
4 120.406650
5 61.436337
6 118.297382
7 66.348605
8 119.933960
9 62.555750
10 118.772226
11 65.261369
12 119.671544
13 63.172567
14 119.008171
15 64.717108
16 119.518870
17 63.529912
18 119.136508
19 64.419947
20 119.429510
21 63.738545
22 119.208602
23 64.252667
24 119.377343
25 63.860166
26 119.249665
27 64.157278
28 119.346993
29 63.930861
30 119.273208
31 64.102552
32 119.329385
33 63.971859
34 119.286751
35 64.071059
36 119.319186
37 63.995596
38 119.294555
39 64.052906
40 119.313286
41 64.009327
42 119.299057
43 64.042433
44 119.309875
45 64.017265
46 119.301656
47 64.036388
48 119.307904
49 64.021852
50 119.303156
51 64.032898
52 119.306765
53 64.024502
54 119.304022
55 64.030882
56 119.306107
57 64.026033
58 119.304523
59 64.029718
60 119.305726
61 64.026917
62 119.304811
63 64.029046
64 119.305507
65 64.027428
66 119.304978
67 64.028658
68 119.305380
69 64.027723
70 119.305075
71 64.028433
72 119.305307
73 64.027894
74 119.305130
75 64.028304
76 119.305264
77 64.027992
78 119.305163
79 64.028229
80 119.305240
81 64.028049
82 119.305181
83 64.028186
84 119.305226
85 64.028082
86 119.305192
87 64.028161
88 119.305218
89 64.028101
90 119.305198
91 64.028146
92 119.305213
93 64.028112
94 119.305202
95 64.028138
96 119.305210
97 64.028118
98 119.305204
99 64.028133
100 119.305209
101 64.028122
102 119.305205
103 64.028131
104 119.305208
105 64.028124
106 119.305206
107 64.028129
108 119.305207
109 64.028125
110 119.305206
111 64.028128
112 119.305207
113 64.028126
114 119.305206
115 64.028127
116 119.305207
117 64.028126
118 119.305206
119 64.028127
120 119.305207
121 64.028126
122 119.305206
123 64.028127
124 119.305207
125 64.028127
126 119.305207
127 64.028127
128 119.305207
129 64.028127
130 119.305207
131 64.028127
132 119.305207
133 64.028127
134 119.305207
135 64.028127
136 119.305207
137 64.028127
138 119.305207
139 64.028127
140 119.305207
141 64.028127
142 119.305207
143 64.028127
144 119.305207
145 64.028127
146 119.305207
147 64.028127
148 119.305207
149 64.028127
150 119.305207
151 64.028127
152 119.305207
153 64.028127
154 119.305207
155 64.028127
156 119.305207
157 64.028127
158 119.305207
159 64.028127
160 119.305207
161 64.028127
162 119.305207
163 64.028127
164 119.305207
165 64.028127
166 119.305207
167 64.028127
168 119.305207
169 64.028127
170 119.305207
171 64.028127
172 119.305207
173 64.028127
174 119.305207
175 64.028127
176 119.305207
177 64.028127
178 119.305207
179 64.028127
180 119.305207
181 64.028127
182 119.305207
183 64.028127
184 119.305207
185 64.028127
186 119.305207
187 64.028127
188 119.305207
189 64.028127
190 119.305207
191 64.028127
192 119.305207
193 64.028127
194 119.305207
195 64.028127
196 119.305207
197 64.028127
198 119.305207
199 64.028127
200 119.305207
201 64.028127
202 119.305207
203 64.028127
204 119.305207
205 64.028127
206 119.305207
207 64.028127
208 119.305207
209 64.028127
210 119.305207
211 64.028127
212 119.305207
213 64.028127
214 119.305207
215 64.028127
216 119.305207
217 64.028127
218 119.305207
219 64.028127
220 119.305207
221 64.028127
222 119.305207
223 64.028127
224 119.305207
225 64.028127
226 119.305207
227 64.028127
228 119.305207
229 64.028127
230 119.305207
231 64.028127
232 119.305207
233 64.028127
234 119.305207
235 64.028127
236 119.305207
237 64.028127
238 119.305207
239 64.028127
240 119.305207
241 64.028127
242 119.305207
243 64.028127
244 119.305207
245 64.028127
246 119.305207
247 64.028127
248 119.305207
249 64.028127
250 119.305207
251 64.028127
252 119.305207
253 64.028127
254 119.305207
255 64.028127
256 119.305207
257 64.028127
258 119.305207
259 64.028127
260 119.305207
261 64.028127
262 119.305207
263 64.028127
264 119.305207
265 64.028127
266 119.305207
267 64.028127
268 119.305207
269 64.028127
270 119.305207
271 64.028127
272 119.305207
273 64.028127
274 119.305207
275 64.028127
276 119.305207
277 64.028127
278 119.305207
279 64.028127
280 119.305207
281 64.028127
282 119.305207
283 64.028127
284 119.305207
285 64.028127
286 119.305207
287 64.028127
288 119.305207
289 64.028127
290 119.305207
291 64.028127
292 119.305207
293 64.028127
294 119.305207
295 64.028127
296 119.305207
297 64.028127
298 119.305207
299 64.028127
